10000 1000
678
901
692
999
78
435
905
892
350
885
515
926
186
965
784
55
489
63
34
142
840
964
608
734
991
42
955
951
834
809
386
116
65
151
750
548
440
894
638
882
728
721
781
901
860
322
231
640
453
919
152
939
271
704
365
64
721
187
784
23
385
177
960
578
630
790
343
418
900
324
730
296
548
777
845
781
689
484
164
642
11
84
875
281
920
417
927
754
110
529
955
270
707
4
916
593
413
569
589
183
954
503
164
854
394
676
523
644
751
450
640
309
236
133
221
422
243
286
193
501
781
283
749
982
591
220
959
911
743
384
922
829
315
78
181
717
90
597
880
84
865
100
882
807
679
506
269
244
17
151
904
991
511
553
76
223
933
329
16
462
19
19
390
180
462
938
251
644
708
769
946
221
332
171
402
26
260
595
196
331
681
397
30
954
587
164
18
503
677
937
871
525
337
803
751
826
771
153
568
547
361
906
507
309
961
213
896
733
563
585
376
977
827
23
706
717
392
746
470
752
912
230
141
516
410
431
447
761
466
501
867
794
496
654
835
94
809
860
693
760
917
963
875
160
695
292
508
857
57
501
737
520
13
343
792
203
68
879
445
760
739
53
28
41
258
424
688
47
475
151
904
196
401
457
940
175
494
111
388
900
723
677
905
882
340
524
810
923
65
619
233
87
167
273
516
185
373
821
60
416
760
71
673
0
151
596
492
503
375
197
419
800
600
344
312
803
510
926
307
579
441
668
172
710
413
410
481
385
827
919
398
890
606
130
592
268
743
618
489
902
306
960
888
372
823
928
726
637
433
84
257
475
906
592
900
838
133
471
573
937
115
868
174
260
271
922
862
192
986
485
997
750
663
63
675
657
888
868
697
231
671
454
94
379
142
105
507
670
472
864
176
330
557
167
589
926
498
334
961
869
295
717
607
750
791
602
220
493
291
468
587
465
599
180
249
732
532
559
256
574
653
421
472
507
266
541
122
216
423
839
892
514
670
864
575
743
9
106
724
970
577
369
251
747
682
519
802
325
716
680
964
303
116
303
255
604
896
712
389
962
655
700
708
839
991
48
566
183
53
741
986
543
721
146
657
942
351
701
601
350
543
286
886
735
741
341
396
333
913
959
22
453
169
772
618
868
955
364
115
160
595
173
550
229
515
479
285
857
589
112
455
272
211
400
246
520
72
999
463
974
965
466
614
152
837
930
143
713
168
532
390
649
284
258
568
58
7
16
984
620
87
480
635
505
2
7
52
770
358
285
577
152
946
137
83
708
755
323
578
423
681
264
751
178
95
314
441
744
694
701
529
391
618
907
149
915
275
697
392
851
910
88
936
18
514
573
536
127
700
361
764
405
19
945
367
924
764
623
896
470
255
783
888
19
320
907
294
789
103
120
643
765
272
559
903
924
52
77
866
939
686
723
299
316
919
686
669
350
203
472
109
516
386
245
637
983
376
815
956
352
277
931
244
431
261
642
523
103
216
449
434
391
596
737
473
754
462
415
953
904
381
117
304
283
535
391
841
995
26
351
649
387
581
330
963
641
964
137
373
145
927
937
25
883
683
51
637
97
287
93
219
266
17
734
906
994
911
638
499
815
678
868
621
933
999
550
361
227
5
653
454
332
64
614
22
752
860
866
855
616
91
102
548
949
663
468
450
841
17
937
331
796
101
389
278
121
483
6
213
126
768
293
477
680
51
127
970
884
400
429
376
919
48
892
635
232
863
422
472
760
869
920
778
521
478
106
438
52
818
378
879
593
237
977
346
523
80
492
307
777
262
196
191
847
72
54
928
403
746
564
100
416
764
571
54
446
489
731
284
656
211
322
495
812
77
17
798
79
816
845
83
415
391
479
756
999
2
181
363
678
23
847
367
616
12
898
801
139
519
489
568
220
206
351
189
728
727
246
608
323
601
659
241
172
441
111
135
719
927
984
101
890
326
974
952
560
295
198
18
713
134
922
762
936
660
39
522
844
763
423
872
383
709
949
501
954
262
427
33
7
277
446
517
741
127
401
871
8
444
478
82
903
928
576
939
436
963
445
109
367
338
468
614
28
292
939
560
304
349
179
233
176
942
546
323
74
587
784
556
281
732
818
263
509
164
187
522
801
773
630
190
252
851
517
578
96
588
557
721
662
686
895
415
720
961
505
663
734
265
291
952
562
101
843
51
180
187
57
119
150
530
171
6
656
310
523
749
869
711
156
712
973
978
712
507
121
759
805
298
74
353
195
642
243
249
448
709
202
668
140
787
707
888
549
3
797
195
948
190
835
916
623
909
980
496
789
230
291
438
421
891
255
939
375
194
4
215
9
326
785
422
667
844
233
1
747
919
82
362
195
141
496
643
414
64
251
760
990
855
268
960
617
682
444
640
647
760
398
304
534
477
640
508
302
364
638
588
918
842
951
748
109
835
814
629
257
258
866
186
164
806
742
644
737
847
890
911
260
165
256
810
543
145
720
195
638
170
68
201
60
482
629
296
331
327
652
873
257
866
201
479
661
355
232
210
254
347
847
928
476
632
170
735
189
709
807
221
450
463
258
528
903
793
970
262
182
449
338
239
957
737
481
101
571
319
923
11
863
109
61
483
233
849
300
495
167
654
47
121
762
842
897
482
334
806
544
479
181
969
513
583
773
669
617
95
877
736
981
286
164
229
547
537
483
417
743
512
573
238
287
799
294
491
607
510
353
793
374
386
929
992
231
153
825
536
73
450
76
664
176
923
246
987
226
465
192
398
370
980
0
860
808
39
711
306
926
60
25
11
701
943
16
324
910
566
218
153
586
759
30
519
635
626
963
160
552
939
210
594
917
609
703
272
944
506
251
943
518
5
813
10
676
54
260
639
830
637
319
920
203
271
69
747
222
860
925
619
23
815
656
468
664
34
570
594
705
335
20
467
565
144
165
944
107
703
4
25
645
719
456
718
196
889
937
70
410
696
36
828
998
494
114
725
788
428
249
747
394
62
706
13
461
628
873
229
810
699
489
568
677
914
709
362
893
166
824
55
430
30
254
875
549
727
88
3
408
361
645
970
676
728
259
661
885
684
58
191
233
217
985
230
509
496
31
724
903
252
780
319
714
326
21
433
445
970
123
560
204
128
388
655
877
635
489
948
565
549
151
976
561
449
622
178
853
216
69
84
120
461
964
140
374
729
904
53
757
391
226
531
240
481
232
258
191
65
915
168
261
49
416
455
113
908
879
92
742
794
567
667
234
320
960
744
187
38
863
911
277
407
941
901
77
548
113
876
218
449
273
299
286
375
29
484
281
777
949
765
878
191
877
655
237
941
824
714
815
589
290
951
597
449
597
548
146
834
429
868
940
396
548
876
279
335
807
960
10
976
286
483
79
253
200
66
479
285
757
98
212
534
874
14
374
981
473
98
983
34
350
194
615
193
299
212
240
970
812
817
706
689
348
128
265
87
399
52
642
799
78
9
898
922
622
818
503
819
345
438
788
412
427
135
345
944
182
130
313
438
606
649
963
340
646
452
458
530
170
683
157
739
715
270
55
503
566
94
400
828
645
681
418
616
180
345
997
873
893
174
283
813
877
943
788
322
453
989
4
591
953
793
616
705
908
57
181
568
355
983
553
975
541
561
104
399
530
298
280
396
257
560
541
798
199
76
230
402
15
293
870
735
613
285
644
890
106
898
675
498
243
135
115
572
234
944
910
448
771
345
908
370
504
352
367
154
758
255
792
524
822
523
744
361
125
127
136
605
100
978
313
39
728
12
149
171
507
925
276
211
505
575
776
98
116
247
370
720
745
600
242
689
529
919
227
485
97
776
404
330
898
472
320
741
521
513
447
21
872
881
523
736
300
899
180
268
981
692
980
840
241
639
244
680
904
138
317
468
985
607
504
929
492
204
639
750
335
179
801
897
562
650
674
760
170
532
952
784
145
575
31
258
340
404
102
185
100
939
968
453
806
76
236
978
131
214
518
26
489
131
44
183
103
98
697
706
565
669
85
831
858
521
666
782
484
0
657
180
532
906
876
280
695
615
977
374
478
727
853
519
614
834
782
903
617
976
272
6
124
627
170
920
327
248
38
749
288
458
476
9
648
735
583
493
228
129
942
836
413
893
421
519
681
287
354
618
272
133
368
37
503
880
23
227
336
286
602
798
48
242
231
129
72
10
715
581
669
448
867
805
441
42
452
753
7
963
693
703
394
119
880
61
975
59
292
537
598
986
573
833
581
649
683
315
509
660
223
414
419
982
297
207
752
406
573
942
938
876
720
590
353
616
680
624
826
132
90
152
32
133
690
47
230
670
566
47
310
980
667
2
533
707
991
668
724
343
349
620
9
636
964
343
676
72
848
789
970
11
64
234
518
702
46
654
587
753
874
310
891
314
943
433
939
893
845
363
140
983
13
989
796
498
616
603
659
893
297
805
639
961
166
254
344
932
643
672
348
986
134
975
804
775
876
329
925
14
379
548
377
685
982
8
611
527
989
121
799
49
2
126
311
501
596
45
671
26
392
541
770
129
419
698
754
402
305
564
588
933
322
688
49
194
415
990
663
937
937
449
526
306
691
914
252
279
947
590
249
837
85
875
988
575
48
439
380
795
942
161
55
90
160
630
318
292
361
637
567
786
942
371
602
939
268
640
253
927
514
857
704
383
2
316
826
563
629
758
274
850
316
928
438
478
191
446
464
709
186
39
259
665
883
192
234
97
262
649
626
358
57
222
764
31
280
247
340
637
434
672
188
824
42
346
249
952
871
512
893
84
988
163
788
871
697
79
807
590
384
947
460
315
856
805
235
597
230
908
203
398
983
52
107
131
328
486
905
0
646
381
807
745
126
577
408
274
886
632
224
617
234
984
953
302
304
671
95
457
748
819
293
828
469
106
406
429
438
68
669
630
86
892
484
341
736
666
73
212
36
971
197
962
108
400
19
552
904
867
671
292
539
93
908
985
179
595
381
414
404
572
917
675
974
397
335
743
587
997
639
700
50
441
166
505
855
345
738
959
144
729
883
781
817
993
864
421
305
886
528
740
619
510
233
37
790
368
653
815
38
722
48
547
224
961
3
487
106
597
340
485
225
153
348
580
104
175
367
126
984
387
256
617
962
339
426
63
207
813
688
229
465
129
774
391
863
75
989
891
117
539
843
857
673
732
961
442
287
216
523
238
534
26
740
628
713
314
55
990
96
941
623
426
556
547
160
50
662
551
107
125
56
667
110
156
650
9
434
261
751
891
67
828
237
587
988
717
393
412
416
227
713
71
298
373
976
359
918
851
589
878
413
285
772
597
381
316
571
112
639
479
798
896
320
608
21
839
936
77
585
695
630
295
954
708
41
238
435
877
896
619
148
935
116
476
320
482
889
707
837
218
73
632
246
999
496
787
116
533
345
970
993
741
151
313
75
522
933
645
95
477
111
80
564
626
974
601
284
553
409
433
718
109
182
902
839
464
389
395
788
125
589
78
17
45
797
946
973
355
381
795
84
832
962
100
900
743
741
260
392
218
445
68
368
979
480
851
863
788
446
730
996
704
95
897
969
751
159
648
23
366
569
614
352
141
105
238
220
663
17
309
285
941
741
806
298
147
175
126
80
458
115
896
36
773
828
201
370
28
230
501
265
571
561
985
757
164
221
23
556
313
936
149
610
715
281
230
293
942
273
383
865
242
21
595
116
844
261
608
779
451
488
952
276
67
774
961
426
629
740
957
893
829
964
475
95
515
474
100
551
795
88
502
754
285
483
125
341
37
739
285
852
948
671
25
735
101
783
655
711
9
376
266
518
115
628
127
900
93
519
800
626
50
123
452
59
601
405
861
398
240
141
968
710
431
602
121
138
737
684
668
957
447
304
133
703
884
288
641
930
697
624
875
261
371
650
920
933
48
955
571
391
766
684
786
192
76
354
351
533
303
718
391
515
631
877
590
160
815
609
802
232
40
894
412
577
286
910
354
679
578
326
487
241
550
222
90
170
596
253
123
425
480
947
25
881
425
830
230
482
36
173
225
446
9
40
547
812
316
662
667
209
245
900
202
314
160
525
928
820
534
37
981
132
99
293
32
31
278
322
412
267
611
902
918
260
908
102
48
992
252
234
169
163
731
832
587
172
853
600
916
558
178
721
189
304
408
827
990
654
708
516
872
181
205
220
881
43
73
512
20
813
622
578
358
550
155
255
538
871
20
544
574
809
105
778
892
517
295
534
74
805
869
913
514
832
993
437
11
194
201
262
766
649
42
143
418
713
693
562
432
57
901
99
455
516
938
886
545
793
816
844
125
564
265
91
627
330
271
363
579
969
499
521
358
38
337
71
235
876
937
410
644
916
88
971
822
911
213
631
445
150
260
951
317
259
966
457
122
381
367
213
945
680
23
432
477
986
986
828
827
256
440
430
46
207
965
815
811
891
650
84
870
587
226
798
396
650
886
467
447
728
322
99
309
712
766
531
97
488
821
950
137
355
225
183
446
578
693
912
207
767
442
806
334
16
555
34
937
578
368
265
114
532
407
877
112
551
486
531
300
237
803
19
845
159
292
459
100
445
775
4
193
355
723
443
900
86
925
66
532
242
573
524
996
975
174
396
657
624
945
127
933
675
658
261
231
915
18
404
329
945
603
549
217
183
183
205
328
228
66
269
910
891
411
555
732
563
143
495
880
536
302
343
261
737
916
75
496
456
937
521
724
573
66
642
671
339
478
779
43
242
209
350
958
483
236
94
514
495
571
62
229
921
190
643
10
447
288
909
167
293
707
754
5
985
763
68
443
848
718
774
76
272
714
466
380
348
871
742
542
995
649
930
49
697
487
267
182
149
463
292
860
33
888
920
981
718
334
497
406
909
825
476
155
414
358
291
368
805
381
873
169
760
569
586
619
971
907
672
753
532
648
135
24
535
542
546
459
994
747
11
111
466
222
679
752
317
692
688
971
70
932
633
378
717
131
694
803
332
649
129
9
291
163
206
665
228
103
552
599
671
282
705
15
536
317
430
252
668
236
673
748
928
22
606
985
978
640
646
546
230
506
487
328
330
408
137
153
122
618
442
177
93
132
755
492
837
423
466
213
339
238
678
667
458
218
950
102
455
39
258
846
807
805
384
581
457
359
817
680
744
199
313
225
698
968
162
208
603
403
369
197
27
571
576
24
692
584
43
914
101
680
67
289
138
537
878
328
569
57
684
620
126
822
132
216
448
182
365
66
226
473
957
332
931
970
342
284
6
385
844
292
227
643
568
642
676
945
856
745
137
941
660
335
780
888
595
533
430
423
740
970
616
825
749
8
555
11
976
237
785
980
73
748
729
473
873
266
63
930
342
41
681
203
601
888
939
788
918
760
140
354
879
913
551
956
802
251
347
318
518
901
347
593
154
490
791
89
383
975
289
662
681
927
729
427
945
791
674
362
262
762
426
951
31
141
726
632
706
844
132
627
673
252
246
208
176
807
950
627
808
43
637
964
855
259
890
550
174
692
425
411
993
601
601
118
899
456
237
567
263
43
500
819
0
64
770
930
978
74
621
495
374
333
552
236
986
341
875
283
967
256
985
894
521
47
488
727
955
818
789
473
880
697
709
717
11
923
501
790
24
35
956
838
641
318
652
806
34
342
452
34
108
274
632
307
174
92
623
99
823
121
796
148
950
45
911
274
787
516
993
588
235
402
931
855
79
852
615
827
237
429
293
908
830
162
744
818
486
366
663
289
784
167
708
682
903
503
408
888
14
260
477
884
801
912
363
922
594
9
60
434
725
58
159
367
724
153
88
83
915
87
118
665
141
131
397
730
173
991
906
233
598
97
882
687
332
4
554
455
81
868
184
547
353
790
353
229
278
181
345
967
364
926
990
428
574
213
557
412
559
750
156
660
282
933
742
172
131
734
739
175
196
414
468
222
649
39
491
790
292
224
745
973
266
579
383
201
923
926
38
65
206
586
254
161
147
863
59
35
807
702
83
825
563
101
297
428
126
87
949
80
502
121
826
229
379
239
95
88
861
245
999
352
864
37
689
105
639
839
800
300
295
125
3
589
663
395
686
564
806
221
688
229
853
769
4
72
633
472
280
121
43
58
808
945
175
343
764
75
256
174
125
952
474
362
148
275
239
255
980
454
347
306
403
660
496
999
117
156
427
936
537
980
197
981
610
628
554
990
327
439
613
763
435
310
451
909
981
948
219
890
97
322
221
604
638
917
320
243
535
259
865
167
490
290
403
750
91
225
322
916
154
541
407
182
209
574
23
742
447
575
940
202
15
377
338
181
986
928
331
285
521
165
60
779
123
954
390
902
813
617
334
784
93
942
29
127
303
784
176
238
512
428
465
433
141
786
220
572
733
262
131
757
163
320
227
814
837
364
157
756
608
187
341
770
321
513
838
543
53
309
973
811
986
859
642
766
540
13
458
634
321
422
903
340
893
838
654
111
511
25
416
728
554
488
938
995
61
662
261
477
108
123
566
472
76
973
831
698
282
186
28
174
845
784
159
929
752
334
37
38
577
944
727
699
469
230
554
810
305
813
271
1
442
181
979
74
695
521
16
851
489
354
115
752
154
740
644
52
107
696
969
27
460
417
11
516
192
175
951
535
566
479
494
619
857
648
853
467
281
135
478
339
168
900
389
632
398
467
117
302
582
316
305
199
351
36
250
315
219
506
631
946
371
762
745
292
953
397
451
401
164
607
936
938
992
840
228
782
811
132
274
829
825
355
229
185
25
145
23
184
351
199
229
708
16
720
616
906
336
189
645
695
151
322
742
366
543
231
504
435
552
111
219
691
293
20
237
641
109
585
551
787
714
535
214
899
373
17
339
720
160
655
372
498
594
511
193
569
207
983
319
342
78
37
592
279
681
431
594
952
232
811
52
269
718
928
84
858
451
67
395
595
416
908
54
323
470
422
615
777
159
314
939
823
147
52
442
90
493
221
746
509
476
399
116
117
491
460
789
710
432
824
175
812
112
938
549
859
634
567
122
329
336
727
419
118
993
790
192
531
826
532
223
120
216
494
897
931
79
323
692
232
382
47
431
412
153
35
289
217
894
803
746
662
488
423
943
404
215
59
619
34
598
894
217
849
76
447
683
296
964
643
190
825
421
792
859
650
754
510
376
862
90
585
229
250
689
896
232
40
582
529
105
15
115
867
182
136
113
266
192
571
217
574
509
776
723
796
820
87
227
956
492
344
375
889
333
452
594
924
701
58
597
418
396
210
0
961
560
110
749
79
866
652
710
35
359
813
282
498
177
89
532
227
444
593
340
283
489
244
124
730
422
610
339
117
131
244
406
930
654
378
242
870
816
731
380
474
983
345
313
522
962
674
782
925
784
440
65
776
1
946
893
259
483
393
467
722
902
372
180
37
713
12
55
728
403
729
193
676
354
707
480
36
655
369
743
305
952
326
278
431
709
55
631
950
156
462
218
769
630
466
289
314
479
581
365
540
281
532
159
936
2
707
32
425
505
775
314
624
341
257
772
24
94
754
521
730
482
785
186
619
50
87
248
466
202
476
427
162
532
702
365
350
366
89
216
112
959
706
916
136
550
907
106
43
411
475
52
770
332
595
114
439
266
89
782
91
49
385
857
451
635
775
924
134
294
94
728
289
929
884
822
803
43
915
256
529
572
882
422
403
818
338
762
237
350
410
709
295
476
700
935
534
463
653
867
161
938
993
800
140
792
164
449
688
741
698
990
345
690
944
873
999
245
344
874
917
606
433
84
413
572
709
685
83
582
626
842
13
179
978
808
842
394
130
492
911
602
918
269
99
196
308
204
413
732
924
35
840
59
791
363
70
368
477
412
962
850
317
537
860
320
161
465
425
369
487
872
697
12
193
435
23
698
230
752
741
903
191
132
821
484
707
170
297
56
251
779
251
18
886
736
542
121
190
522
619
260
546
467
709
474
858
434
30
588
830
315
343
382
536
941
76
762
444
170
734
140
551
554
103
167
78
416
97
822
42
891
160
812
283
911
971
461
714
978
855
82
149
999
260
353
558
654
334
59
389
658
989
437
978
786
765
519
75
528
631
744
860
717
918
599
962
947
531
268
991
849
914
581
914
323
643
473
316
696
433
537
627
170
142
1
866
49
653
876
679
360
543
830
557
911
143
751
616
735
646
606
811
425
463
532
941
176
708
973
103
210
527
827
856
59
922
635
945
977
552
501
10
345
161
784
507
513
474
236
956
92
979
598
245
913
263
855
694
580
15
269
33
60
864
345
211
43
152
952
231
697
229
698
754
306
374
422
304
859
47
700
694
569
562
313
950
642
177
647
486
249
5
970
313
870
914
44
268
484
192
417
866
794
252
636
9
995
821
849
123
894
823
929
766
974
979
273
36
426
245
914
708
998
501
739
7
289
151
475
83
229
699
911
612
251
189
394
342
860
222
288
980
72
753
802
301
147
63
933
737
131
779
418
984
332
583
376
995
628
334
502
41
175
183
777
316
220
200
540
689
85
553
387
580
835
237
71
65
969
389
133
116
756
868
751
754
913
499
529
350
551
455
653
693
784
102
712
66
909
622
818
259
511
958
474
842
711
203
32
436
878
397
97
630
493
199
15
459
327
890
14
23
714
146
560
487
530
992
218
655
958
326
941
283
569
814
606
542
138
356
694
390
620
175
298
525
111
76
276
2
981
843
360
526
358
128
248
280
301
899
129
993
40
320
596
969
579
216
70
832
686
919
952
181
27
716
655
179
401
547
389
759
60
678
590
443
946
824
44
478
103
753
188
82
114
485
959
901
358
101
90
728
346
660
910
403
609
154
928
455
99
141
866
298
194
404
360
727
358
530
741
19
26
73
459
738
828
220
918
167
33
491
482
559
118
931
296
431
888
148
286
185
285
897
340
852
985
931
735
49
618
454
665
759
149
563
719
871
943
381
66
352
124
540
903
332
627
797
55
642
535
623
103
762
728
871
281
852
24
421
370
849
815
101
698
392
984
607
335
547
801
576
994
383
591
823
264
104
264
992
634
642
454
444
533
793
371
135
323
602
408
433
889
160
972
326
655
720
755
270
507
533
52
869
790
540
762
564
829
9
885
142
449
25
278
828
320
134
238
602
929
934
367
16
404
92
449
537
200
398
135
159
619
565
895
717
406
616
366
596
966
305
546
191
308
502
686
806
326
601
393
759
460
617
31
200
796
279
839
959
382
634
715
386
880
955
147
927
515
842
570
445
500
599
375
929
588
985
158
315
1
243
693
694
795
874
759
987
703
800
924
278
216
636
895
472
57
424
351
347
508
562
470
218
22
379
805
902
888
515
574
65
480
875
841
63
758
81
24
408
727
664
738
352
870
525
803
48
478
739
499
66
137
120
899
760
396
486
827
821
800
603
351
746
955
961
485
731
573
375
352
832
964
805
744
565
352
236
896
529
183
404
975
523
410
373
856
280
94
279
161
142
165
249
432
285
450
397
545
225
248
602
209
473
484
937
255
723
726
473
61
166
309
68
451
358
584
127
653
83
77
198
376
42
37
165
601
171
358
168
254
913
792
956
290
581
409
852
485
860
713
901
82
524
166
498
976
547
698
616
402
768
88
739
895
536
770
72
562
850
334
721
218
627
612
796
140
380
210
652
92
255
576
902
656
853
468
830
269
354
720
776
135
231
135
743
862
912
219
617
955
868
306
920
560
960
716
931
861
196
783
691
699
900
420
350
829
672
583
376
842
396
58
781
109
329
474
408
13
498
905
176
525
312
291
221
773
735
865
343
239
647
545
552
163
883
739
197
355
701
13
192
496
288
569
65
59
293
554
968
573
631
546
477
271
487
503
265
626
96
490
418
689
243
910
667
258
165
431
193
993
989
280
511
469
254
19
195
713
907
910
335
116
574
168
289
2
887
272
115
768
299
606
59
611
27
440
292
722
473
711
580
896
398
159
932
963
63
139
563
64
803
78
667
172
367
107
954
436
906
125
243
110
353
232
619
78
4
271
516
362
711
571
349
271
810
603
839
370
602
126
786
15
710
754
270
621
578
65
347
271
959
239
57
69
353
573
944
177
24
417
306
507
815
36
196
949
416
450
545
824
351
158
86
734
50
723
783
93
880
932
297
738
966
301
158
563
883
407
156
36
990
64
998
956
258
617
305
717
369
678
104
911
614
337
409
21
345
112
134
318
167
35
117
485
904
302
225
842
919
381
862
479
78
403
328
28
591
458
885
316
92
774
798
550
687
481
339
844
643
305
796
671
497
390
328
697
620
381
18
41
630
591
583
459
192
378
521
270
886
975
247
276
217
458
307
125
555
470
618
820
566
614
576
400
846
477
753
165
410
983
833
825
471
230
493
935
749
774
592
327
232
144
359
772
944
35
453
484
273
222
376
836
796
832
930
890
892
305
937
489
402
310
687
512
146
128
402
931
748
797
517
225
731
262
958
748
369
848
334
268
281
883
900
60
804
398
986
76
45
81
430
13
101
545
499
376
991
671
477
207
741
641
801
851
961
968
706
372
69
337
101
652
772
244
806
709
598
560
841
174
344
821
362
458
938
568
613
712
655
939
247
60
648
410
178
365
866
455
173
413
779
22
530
364
825
914
815
829
731
478
789
160
70
221
332
326
577
995
493
680
697
138
62
993
862
118
850
223
508
273
615
774
515
696
166
365
792
435
302
278
26
105
208
18
565
666
92
59
906
107
500
233
413
350
372
542
126
159
896
586
545
464
630
839
454
950
343
813
489
137
955
904
739
784
538
797
327
291
347
889
262
191
785
298
899
302
744
963
480
92
509
925
528
299
940
969
250
688
567
374
620
395
78
937
38
859
657
616
547
720
872
974
316
367
348
555
732
106
59
73
788
333
519
904
425
218
536
186
937
310
526
152
762
234
791
123
307
306
303
115
769
545
243
692
996
20
237
916
567
746
507
463
739
779
520
763
172
358
10
796
315
385
562
961
466
444
399
117
291
14
435
775
2
391
908
202
182
76
965
86
844
799
418
117
236
692
512
583
154
357
354
798
310
599
965
907
940
443
509
103
21
774
397
939
981
193
308
425
67
41
571
984
907
24
816
891
431
746
29
747
66
794
305
265
196
818
598
85
609
798
81
530
810
682
502
935
50
703
234
831
49
883
183
546
21
589
571
426
669
533
561
831
876
138
638
811
372
378
37
407
920
278
372
948
88
298
957
123
977
434
14
374
115
496
993
828
609
567
69
529
756
915
715
315
265
798
929
774
86
157
539
489
953
625
965
247
385
919
338
16
707
40
416
829
710
706
538
631
767
325
564
968
974
950
939
32
703
879
99
18
74
213
838
204
524
545
844
459
692
32
205
876
278
787
921
364
924
336
200
34
623
703
579
959
210
389
545
205
720
932
74
845
457
97
464
319
65
525
65
838
201
461
567
201
772
650
280
468
819
322
974
613
714
573
343
263
105
488
206
82
859
781
920
745
682
34
960
898
417
173
477
906
33
407
327
767
853
894
973
340
821
136
217
240
119
567
466
111
809
600
537
703
929
427
261
533
605
14
431
278
619
202
782
102
995
612
181
772
871
877
480
452
906
275
315
948
718
430
779
599
428
772
266
981
824
629
207
81
395
7
708
561
927
515
590
170
775
342
377
546
564
33
610
324
56
634
946
495
343
169
250
839
89
284
985
939
122
739
504
357
219
348
303
789
862
432
485
767
365
700
827
168
883
169
697
541
937
477
705
347
867
536
439
248
145
408
583
705
983
37
375
730
317
933
352
634
551
601
601
267
597
703
548
790
797
294
31
525
516
229
597
320
177
964
187
489
338
352
931
231
917
556
244
511
977
651
759
694
442
735
268
344
896
789
619
141
608
839
556
54
50
824
367
228
145
723
797
82
382
813
877
654
62
470
255
316
303
701
501
403
319
825
301
254
165
352
313
796
542
155
438
680
241
936
88
705
843
303
701
195
701
766
478
93
649
398
705
985
544
499
841
376
150
447
156
219
212
375
324
515
710
109
279
841
147
788
335
94
368
504
123
317
685
643
228
636
78
353
241
575
75
757
307
477
632
713
450
769
6
595
174
442
216
682
686
715
647
373
389
772
295
628
536
903
464
901
369
780
717
184
415
325
192
516
300
498
900
320
861
199
402
354
446
353
733
340
932
821
54
114
408
729
360
237
691
601
517
915
460
587
615
868
572
131
104
974
51
992
834
787
103
853
40
734
212
745
324
314
111
847
926
794
586
903
747
546
300
699
460
141
14
755
539
724
902
682
57
502
360
414
531
834
64
708
600
910
857
961
621
236
305
298
969
272
682
53
649
11
275
574
253
19
53
939
513
552
519
576
349
65
363
796
710
133
534
626
483
659
908
753
264
50
121
749
454
825
337
500
609
584
753
433
961
909
59
100
714
329
278
503
971
32
844
187
483
13
331
129
799
347
61
322
254
93
295
304
101
111
533
882
291
874
925
348
95
644
224
596
980
830
228
710
700
556
876
737
706
9
438
801
470
312
852
619
965
68
372
427
751
561
288
673
967
472
983
631
951
591
498
533
321
87
448
518
631
820
234
424
651
697
351
208
144
201
393
276
927
583
503
583
347
871
25
400
614
466
287
987
41
198
411
46
504
204
346
966
116
809
606
56
479
253
335
304
379
967
805
349
116
350
808
642
417
25
953
375
183
129
902
423
774
658
138
224
626
502
914
173
731
289
305
271
901
598
725
912
105
792
263
743
194
298
359
655
97
616
478
655
458
828
91
971
789
538
47
241
973
539
776
806
180
726
225
567
941
931
113
376
297
14
24
896
11
906
709
467
108
843
818
415
783
675
382
863
902
486
458
939
163
109
237
22
912
343
792
575
344
476
955
296
411
112
374
106
30
878
897
679
705
18
604
23
367
38
447
348
465
390
524
397
196
308
840
487
958
956
582
223
133
321
35
537
912
783
739
29
60
423
723
372
848
310
965
279
289
885
103
273
119
874
52
344
150
14
769
736
910
54
609
463
564
411
954
490
23
161
902
231
243
931
235
585
425
69
763
360
77
17
245
342
247
163
34
930
667
285
489
241
25
484
907
400
845
888
983
163
344
960
287
986
909
308
738
767
693
777
512
89
251
401
585
187
849
64
654
941
802
464
454
82
709
902
939
625
576
875
842
749
835
59
503
765
953
233
718
340
83
74
107
602
308
589
451
81
877
273
657
441
483
583
810
524
316
764
777
642
846
561
916
31
497
355
357
576
239
707
906
538
67
390
861
243
511
46
468
911
404
279
202
452
454
659
588
806
566
671
22
236
678
220
420
945
80
398
113
388
752
368
267
24
381
503
932
117
764
930
707
637
429
969
801
8
228
891
309
616
689
206
240
150
489
162
634
443
114
358
619
39
955
482
618
406
434
20
658
238
571
851
8
387
344
439
391
307
44
71
244
523
983
409
161
791
485
509
598
125
703
842
44
716
864
856
416
213
889
997
902
873
941
673
315
18
798
865
914
920
894
959
593
869
247
560
913
666
596
757
968
144
693
811
610
592
991
699
708
940
122
866
921
307
585
58
693
545
53
664
404
692
363
556
660
896
545
828
718
436
477
536
881
587
686
711
271
396
609
450
191
251
253
796
529
229
919
952
541
296
359
626
156
585
833
172
5
587
109
995
50
911
944
136
488
830
281
800
555
641
812
212
439
498
275
978
736
392
855
290
899
39
67
809
667
46
666
89
757
591
268
823
500
962
166
68
38
570
238
293
636
86
818
100
78
514
178
52
997
507
146
0
136
647
82
629
887
579
405
203
3
434
653
904
276
213
93
269
441
310
478
599
716
627
699
447
347
209
892
403
512
543
151
427
42
231
698
404
506
400
347
896
79
926
728
404
994
857
703
625
451
82
376
284
954
753
365
927
982
761
49
565
418
530
958
113
387
255
781
176
107
430
442
210
129
123
534
485
855
300
644
306
43
870
724
166
46
615
258
147
256
946
303
476
530
662
559
236
930
47
818
640
259
284
892
144
778
431
742
722
98
296
370
343
969
330
850
348
881
669
881
675
464
370
856
703
376
642
739
579
40
344
10
492
705
562
329
202
857
460
272
724
603
836
379
313
998
639
882
207
538
747
883
263
46
75
779
567
700
983
145
511
387
465
523
525
76
272
303
185
910
81
92
257
83
689
86
982
736
124
989
629
553
954
430
520
882
716
833
515
271
747
761
47
925
698
327
585
575
631
472
484
458
6
882
299
169
294
27
592
305
481
266
440
134
232
620
397
317
677
600
586
688
40
307
75
413
899
782
874
511
670
139
883
708
491
571
385
45
707
499
622
57
23
81
871
346
927
908
902
574
943
778
847
471
85
568
587
964
469
518
536
30
613
616
358
491
9
390
747
255
352
164
593
414
573
443
763
755
87
374
227
501
73
502
503
700
650
775
215
544
919
393
569
715
788
911
214
466
71
835
378
927
69
280
639
202
155
255
666
91
462
35
925
18
859
709
484
464
512
248
360
291
921
206
127
782
956
881
705
230
733
51
261
998
571
807
538
660
937
957
678
850
774
810
723
742
205
221
597
162
990
315
293
92
987
309
745
655
692
861
225
593
299
60
836
3
697
431
577
140
695
829
319
262
166
971
141
0
144
344
466
82
780
761
582
332
350
198
279
319
876
147
710
26
962
616
503
758
999
946
756
323
950
640
251
17
990
934
555
808
539
917
843
752
42
737
188
753
193
418
218
869
900
76
294
265
89
167
479
192
430
255
996
976
45
236
340
98
375
412
966
350
22
964
385
285
777
99
549
789
676
744
552
337
405
878
83
38
752
239
59
248
732
782
584
707
100
483
424
593
287
419
853
187
89
974
43
672
176
759
107
23
919
232
635
507
950
891
420
882
192
186
299
526
35
592
376
812
732
157
490
839
881
437
104
477
716
890
153
169
231
646
718
488
707
66
395
44
199
362
913
188
127
87
23
898
954
283
916
387
564
672
863
483
162
962
768
558
640
288
676
752
638
247
180
6
247
607
862
403
937
740
811
996
31
494
591
772
634
281
261
185
924
254
785
405
59
480
707
326
828
688
474
238
470
394
855
683
403
230
238
792
938
880
713
707
199
623
436
445
842
330
914
197
380
46
318
685
253
409
467
931
657
763
285
930
14
71
422
342
191
431
730
564
60
517
195
975
488
379
141
924
634
564
667
887
948
584
553
532
599
180
335
623
29
232
717
44
198
127
497
776
604
282
18
53
510
926
241
298
921
305
515
769
466
953
384
640
277
93
847
777
905
666
0
313
530
607
112
604
694
953
945
287
512
704
31
189
809
824
868
716
881
353
860
581
754
520
914
175
54
676
490
196
476
793
724
434
575
56
784
339
663
933
660
685
214
72
40
971
555
285
138
243
867
676
658
374
59
609
400
644
855
293
0
525
967
635
133
208
292
852
916
640
335
379
852
362
219
266
373
480
390
908
581
161
36
40
820
486
604
989
522
967
449
776
556
484
338
63
683
389
778
10
676
691
16
764
921
756
929
750
926
555
361
253
205
989
302
87
290
453
93
682
216
224
314
366
91
266
813
389
788
320
200
106
216
156
770
615
713
61
646
157
883
675
477
792
440
567
240
489
661
969
87
162
755
112
716
365
919
126
297
70
266
649
558
164
585
196
915
188
374
763
13
166
629
603
128
998
480
967
634
956
660
836
448
877
658
198
263
383
583
217
892
1
844
169
828
489
566
874
933
580
215
153
811
353
107
600
508
878
908
694
732
538
535
277
522
385
957
906
393
764
483
785
248
878
786
39
619
816
935
142
351
429
980
388
26
135
653
988
104
392
924
483
727
594
966
364
772
24
516
461
572
378
723
744
581
605
276
947
217
425
941
912
970
233
765
974
72
726
684
678
813
613
225
446
178
644
586
74
343
713
648
398
375
395
672
421
1
63
67
397
336
492
110
249
780
231
203
742
544
896
71
542
737
283
50
384
37
489
98
53
370
460
904
533
434
934
265
320
206
922
278
534
272
402
500
208
183
320
733
332
567
492
718
164
422
316
311
831
217
271
110
127
101
290
836
362
670
619
406
610
787
881
765
525
215
113
238
5
634
74
219
536
407
419
81
761
564
831
440
205
500
216
238
552
856
553
900
678
297
67
399
850
64
921
944
506
95
532
637
784
422
303
542
667
174
619
744
388
521
469
230
58
976
995
547
190
867
171
377
615
701
925
461
664
702
3
664
461
775
728
264
730
641
742
717
100
687
22
652
517
151
725
303
228
684
809
587
299
255
768
377
791
26
65
855
428
427
864
764
623
488
270
702
481
37
232
944
19
511
531
4
164
252
590
389
261
889
353
257
734
67
142
263
606
542
87
853
478
217
871
220
350
88
183
914
224
553
267
479
976
776
347
936
834
499
683
240
196
309
987
706
735
855
399
520
106
307
503
831
367
712
753
360
124
417
10
721
532
789
457
42
748
176
637
897
318
129
553
718
161
218
407
263
22
908
938
174
421
224
226
102
990
990
228
569
793
698
952
589
695
370
777
826
198
841
432
734
688
576
178
705
396
176
629
297
876
160
407
831
446
197
647
729
500
525
482
990
827
75
175
301
551
847
612
958
278
555
223
807
881
855
197
800
590
885
798
543
600
77
711
366
757
563
159
200
599
916
898
559
204
61
881
905
831
60
248
574
996
12
87
820
511
454
842
507
870
123
385
962
954
915
696
504
939
496
456
451
937
475
564
413
115
895
685
793
748
49
143
507
897
670
82
109
900
189
393
891
188
81
78
416
691
24
844
718
934
798
596
523
449
707
601
966
921
641
844
494
903
951
224
515
308
440
287
683
199
269
587
967
929
759
646
19
578
214
851
745
936
333
554
463
695
395
504
420
260
443
740
359
617
925
748
432
317
931
934
77
385
413
39
439
963
293
335
650
343
92
843
656
609
379
770
727
444
83
793
230
798
30
95
68
985
643
281
618
676
165
463
155
464
949
709
971
468
780
499
605
730
930
358
436
695
922
765
555
695
875
332
189
582
360
900
150
856
649
529
335
602
176
131
46
390
573
94
228
652
531
194
429
755
320
315
635
852
233
713
492
704
483
754
951
812
211
684
259
628
488
915
457
814
235
937
989
107
30
616
376
305
674
146
409
995
151
370
599
511
728
48
17
759
76
745
862
81
199
693
869
407
566
968
695
248
759
841
504
917
119
141
849
549
49
621
953
713
6
716
439
616
832
130
738
325
709
908
730
652
106
961
956
40
462
894
777
624
986
851
543
918
448
220
175
31
57
682
701
605
949
79
388
776
191
965
239
768
639
976
505
605
430
919
150
320
429
311
487
911
86
808
434
293
1
510
8
655
833
777
246
880
597
885
396
222
663
771
753
114
568
646
893
20
186
159
493
845
69
114
122
204
506
727
930
666
219
74
718
85
401
218
51
209
380
822
817
794
712
835
343
339
538
791
197
370
166
714
544
697
972
592
601
855
463
776
694
189
501
735
336
138
10
782
684
896
812
600
402
740
232
501
921
49
220
738
985
310
731
87
431
795
636
959
692
32
675
747
615
439
87
480
862
765
154
220
641
85
741
429
376
668
897
546
575
206
766
608
865
48
56
622
746
836
685
401
460
672
944
625
403
423
169
306
417
550
59
444
443
64
277
108
777
179
890
961
802
193
897
23
238
936
461
247
602
442
693
989
432
758
989
513
268
453
532
383
408
166
740
95
96
906
430
117
799
240
795
138
385
850
787
889
343
671
778
475
542
983
286
308
792
402
963
243
801
113
215
302
531
139
926
708
778
562
447
593
641
547
621
501
12
882
46
77
548
115
280
1
982
602
727
276
724
916
312
800
162
452
706
199
754
415
704
714
809
216
336
982
303
389
590
219
667
488
546
107
821
199
781
921
395
748
817
735
340
5
454
558
320
525
461
250
926
593
265
324
875
621
17
822
258
237
328
890
711
44
693
748
827
744
788
323
99
35
370
364
105
908
908
719
193
916
625
760
69
874
516
847
426
183
603
881
801
443
931
940
463
638
481
991
917
151
570
520
864
105
676
164
122
41
211
394
471
850
341
360
521
593
654
765
277
552
541
181
828
39
189
81
731
855
829
420
315
437
80
807
969
877
566
997
775
892
993
712
730
45
849
458
338
14
337
725
749
472
999
964
235
98
272
319
339
365
561
963
989
777
463
72
295
304
688
153
537
910
240
23
776
79
526
311
318
489
316
175
80
389
266
5
895
538
339
288
600
378
198
61
892
772
110
859
297
512
923
399
14
718
143
577
891
343
618
901
703
418
263
388
768
393
204
816
487
553
574
411
505
798
595
608
263
708
902
441
126
727
46
392
56
612
343
981
602
62
471
638
148
378
626
650
460
379
871
78
43
519
833
176
462
151
120
655
422
643
373
24
305
996
329
858
543
985
238
20
509
642
164
761
757
696
422
435
548
419
955
829
699
690
437
320
767
479
173
487
530
856
573
123
447
720
980
951
825
867
430
548
285
605
194
711
275
332
258
150
345
250
918
623
536
444
537
338
85
853
426
337
945
12
853
247
658
209
176
230
968
540
878
295
744
999
951
399
149
47
342
252
202
646
26
500
9
76
5
902
719
945
560
638
101
893
917
837
689
673
412
104
763
907
87
188
816
86
533
896
315
79
891
556
735
121
94
282
350
146
858
764
525
348
590
285
837
629
238
62
572
311
456
875
994
921
287
292
661
852
379
245
373
990
935
974
352
931
42
251
679
431
223
940
679
661
637
935
306
235
975
761
339
731
692
505
421
52
856
94
989
336
962
563
364
195
748
818
38
562
878
854
757
449
564
471
294
924
779
434
282
23
936
839
975
766
137
289
485
678
49
905
826
66
128
36
246
743
745
40
240
288
971
899
783
514
217
348
401
681
130
344
919
498
201
758
327
967
670
244
297
942
491
808
347
530
887
71
733
521
775
601
406
756
624
939
997
354
526
684
336
669
305
904
160
699
803
752
883
6
835
664
201
341
340
464
968
297
550
812
969
233
316
12
232
750
365
468
455
103
44
589
811
62
896
74
294
642
476
388
436
115
472
847
630
313
430
715
466
726
302
291
360
527
34
753
102
342
59
384
62
931
810
713
187
71
200
999
392
327
958
739
240
199
566
16
215
572
712
800
831
817
118
269
204
171
193
433
945
709
304
167
9
573
816
447
823
981
807
182
749
643
825
963
369
9
379
164
844
981
899
359
73
994
797
465
900
142
735
898
112
690
166
343
336
629
919
215
351
705
567
927
728
365
11
574
247
649
226
257
677
189
269
184
184
778
918
87
944
471
262
126
116
61
477
418
139
452
878
34
363
676
384
490
454
773
550
851
896
263
792
609
978
866
616
708
2
80
582
248
825
638
365
949
451
327
795
607
507
145
605
502
412
677
392
624
241
715
89
907
870
380
782
27
148
638
243
986
945
548
511
962
398
723
76
133
239
463
322
38
510
564
420
694
977
333
121
167
592
672
572
828
864
591
197
784
578
0
351
266
796
47
880
247
959
15
483
904
503
957
481
768
407
461
691
111
714
818
178
730
531
458
152
368
486
256
828
150
148
921
250
868
899
759
209
222
940
921
147
965
163
193
752
699
851
252
267
586
167
950
907
534
602
739
12
798
944
143
564
551
851
951
622
161
127
118
306
384
446
625
771
812
348
459
751
641
900
602
403
456
641
240
141
156
982
323
408
110
767
53
939
866
717
844
162
744
647
451
60
764
579
544
587
589
377
444
479
114
624
54
659
472
911
192
647
21
518
0
236
249
298
281
659
280
980
712
615
977
627
927
246
42
269
37
451
833
970
315
487
836
842
864
900
762
617
351
553
464
666
316
753
630
329
795
91
671
0
481
595
780
291
832
688
226
588
535
332
511
527
128
431
529
239
945
925
359
392
852
779
134
842
590
774
317
389
107
100
849
111
345
120
410
191
888
786
980
174
65
997
759
65
532
96
384
872
688
334
934
490
399
565
277
255
775
563
326
556
810
588
621
347
22
989
970
48
406
885
217
685
736
870
866
351
190
161
809
326
157
903
727
193
344
688
807
432
949
736
594
96
935
965
492
539
75
131
572
325
683
152
544
872
134
464
383
201
13
889
117
856
360
576
42
508
975
819
387
285
498
157
376
608
626
854
604
415
157
32
393
838
254
275
457
183
50
321
750
319
380
979
762
447
978
18
600
748
205
279
393
79
821
963
512
933
187
991
815
352
214
422
983
660
679
206
332
779
508
587
815
106
320
28
370
409
49
436
263
527
385
178
546
204
838
881
626
846
611
897
236
316
628
900
936
822
526
18
50
811
44
837
386
112
75
998
901
192
135
814
673
647
628
598
85
438
22
576
279
698
1
27
356
941
362
67
619
60
603
278
114
535
147
552
488
804
684
248
553
91
428
169
958
819
964
18
354
764
380
462
302
468
933
685
885
730
901
65
961
206
239
826
92
215
592
435
536
779
43
722
280
451
190
580
492
876
675
886
401
47
80
501
15
361
223
927
569
236
943
896
744
348
393
806
737
827
667
565
330
254
761
765
217
342
319
199
917
288
264
323
947
821
858
892
82
3
856
322
815
138
135
503
914
375
497
787
863
28
989
185
199
150
164
271
956
206
686
874
352
217
883
967
391
360
299
587
512
305
903
909
176
284
381
182
126
246
591
224
280
105
356
212
757
834
606
906
954
426
811
173
253
326
645
612
445
527
730
787
