100 100
3 9
3 15
10 1
2 7
1 9
1 18
10 19
10 9
4 12
8 12
8 18
9 4
6 1
1 5
3 18
4 20
3 1
2 5
1 4
3 14
7 1
2 15
7 11
5 16
2 2
9 2
2 8
1 15
1 6
2 13
10 17
3 6
2 11
3 20
6 11
2 9
6 3
6 6
6 15
6 18
8 13
2 1
5 19
1 20
9 11
4 4
1 11
9 19
4 19
8 16
5 12
5 13
2 20
10 15
8 14
8 4
6 7
6 8
4 2
9 16
1 7
1 10
9 9
7 20
10 8
2 12
9 14
2 17
3 12
5 4
6 10
8 17
9 10
5 3
6 13
3 17
8 7
4 3
10 6
3 4
5 9
6 17
2 3
9 18
4 11
6 14
3 11
7 3
3 2
1 17
3 7
10 20
5 1
7 18
9 17
10 10
10 5
9 15
1 14
6 5
7 12 L
8 5 U
7 5 D
1 8 U
9 8 L
8 19 D
10 11 U
2 19 U
6 16 D
6 9 D
2 6 L
8 15 R
7 2 U
4 7 R
9 5 U
3 13 U
8 20 D
9 6 U
9 13 R
2 16 L
2 14 R
3 10 U
4 16 D
7 9 L
7 14 D
4 10 R
7 15 L
9 20 L
7 10 U
9 3 D
4 14 U
1 12 D
4 6 D
3 5 L
9 12 U
10 3 D
4 8 U
7 7 L
5 2 R
9 1 U
3 16 U
4 15 D
5 17 L
6 2 R
2 18 U
1 2 D
7 19 L
9 7 L
7 6 R
5 10 R
6 20 U
4 5 L
10 14 D
2 10 L
8 6 L
4 17 D
5 8 U
1 16 U
3 3 U
3 19 L
5 14 U
10 13 R
8 3 U
10 16 L
10 7 U
8 1 L
4 18 R
8 8 U
1 3 L
5 5 D
5 6 L
5 7 L
8 2 L
7 4 U
7 17 L
7 16 L
10 2 U
5 15 U
1 13 U
4 9 L
6 4 L
10 12 U
5 18 L
7 13 U
3 8 R
5 20 L
8 10 R
10 18 R
8 9 R
4 13 U
1 19 R
6 12 U
2 4 U
1 1 R
7 8 D
5 11 L
10 4 L
4 1 U
8 11 R
6 19 L
