100 100
87 71
15 27
38 95
6 63
8 3
86 49
88 53
14 61
3 7
22 11
41 53
45 9
41 72
72 50
15 91
71 45
40 43
9 78
15 95
71 97
22 62
86 9
70 36
69 40
69 28
5 88
33 78
64 80
4 62
56 8
69 93
66 24
25 36
88 25
34 63
31 83
22 74
13 96
52 50
23 1
26 46
52 87
28 26
100 84
94 27
98 45
62 71
41 15
96 2
50 85
37 69
63 74
3 77
34 78
82 99
46 49
90 27
63 36
9 83
49 31
47 14
93 32
90 100
40 83
98 55
24 67
61 66
61 39
72 97
55 89
23 43
81 59
48 65
8 35
38 12
4 20
30 86
37 46
36 67
76 24
29 35
7 81
52 89
34 41
20 84
55 75
91 72
60 10
77 58
56 14
81 23
54 49
80 70
42 5
75 23
73 55
47 26
4 66
33 39
23 69
37 100 U
13 70 U
32 89 L
44 14 L
63 54 D
37 40 U
47 75 D
39 66 U
5 13 D
23 9 R
16 57 L
10 7 L
35 50 L
79 80 U
86 16 R
54 72 U
44 26 D
91 21 D
16 31 D
63 100 D
71 74 U
60 50 L
50 52 L
29 59 R
6 29 U
60 28 D
70 99 D
92 2 U
23 72 L
96 1 U
32 12 U
4 38 U
15 98 L
30 64 R
45 70 D
45 60 U
8 79 U
24 69 R
57 71 L
52 61 D
16 20 D
62 56 R
35 12 R
64 59 R
42 77 U
26 66 R
90 42 U
53 62 L
91 81 L
92 40 U
29 25 D
54 37 D
74 25 D
53 5 D
93 73 U
3 68 L
12 92 L
43 47 D
31 91 L
63 23 R
13 29 R
25 11 R
36 96 R
75 28 U
25 73 D
73 72 D
62 50 D
92 97 L
20 95 R
72 73 D
44 86 D
24 85 D
55 60 L
78 63 R
78 14 D
47 9 R
80 23 R
18 38 D
92 55 R
25 84 U
6 81 U
65 15 L
64 93 D
22 65 U
50 70 R
19 55 R
61 18 R
67 98 U
42 71 D
43 79 D
63 27 D
13 56 D
84 15 U
42 37 D
26 18 L
60 52 R
2 89 L
4 49 L
87 33 L
92 10 R
