100 100
996 1000
991 992
996 985
992 982
994 990
992 992
1000 998
993 994
995 994
1000 995
991 996
997 1000
992 997
995 992
993 991
995 982
999 988
1000 999
992 999
998 989
995 998
998 995
993 984
998 999
998 990
999 999
994 998
991 993
996 986
991 997
998 991
998 997
992 988
993 995
999 991
992 1000
991 987
992 996
999 994
992 993
994 981
998 984
999 992
999 993
1000 987
1000 997
998 987
992 994
999 983
996 989
995 993
998 985
1000 982
997 986
999 998
997 992
994 995
997 989
999 995
996 993
994 985
1000 989
999 981
995 985
998 1000
995 996
996 987
996 995
997 991
999 997
991 995
997 983
1000 1000
1000 993
997 985
995 1000
994 987
1000 983
992 983
995 984
991 985
994 983
993 999
998 981
1000 985
994 982
997 997
996 997
997 982
991 981
999 996
992 989
994 986
1000 986
993 982
993 993
996 998
994 988
991 994
996 999
993 985 D
997 993 R
995 999 U
993 983 U
993 981 L
997 995 R
992 987 U
997 987 R
994 994 R
998 993 R
1000 991 R
999 984 U
999 982 R
999 985 L
997 999 R
998 988 U
994 993 R
991 984 R
995 983 L
992 991 U
999 990 L
992 998 D
992 986 R
994 997 L
1000 994 D
993 987 U
998 983 R
998 986 L
998 982 U
997 998 R
999 986 U
999 989 L
1000 990 R
994 984 R
996 991 D
996 981 R
991 989 L
993 988 R
999 1000 R
995 995 L
997 988 L
991 988 L
998 996 L
993 997 R
993 989 L
996 984 L
1000 992 L
998 992 D
1000 988 L
994 992 D
995 989 R
993 996 R
997 994 R
991 986 R
996 988 D
994 1000 D
995 991 D
996 982 D
994 991 U
998 994 D
996 992 U
992 995 D
991 998 L
993 1000 R
993 992 R
994 999 U
994 996 U
992 981 D
993 998 U
998 998 L
1000 984 D
997 990 U
995 997 R
995 988 L
995 981 L
1000 996 L
991 990 L
997 984 R
992 990 R
993 990 D
999 987 U
994 989 U
995 986 D
991 1000 L
996 990 L
993 986 D
992 984 L
992 985 R
995 987 R
996 983 R
997 996 U
996 994 U
1000 981 L
991 982 U
991 983 L
995 990 U
996 996 L
991 999 D
997 981 D
991 991 D
