100 100
1 55
1 47
1 180
1 67
1 140
1 138
1 105
1 7
1 79
1 51
1 84
1 137
1 128
1 54
1 195
1 16
1 36
1 157
1 98
1 39
1 149
1 198
1 120
1 96
1 107
1 158
1 43
1 109
1 187
1 62
1 11
1 130
1 106
1 52
1 63
1 17
1 100
1 124
1 164
1 114
1 185
1 141
1 115
1 183
1 155
1 89
1 134
1 186
1 5
1 103
1 147
1 1
1 87
1 86
1 182
1 68
1 190
1 194
1 125
1 53
1 64
1 162
1 118
1 179
1 18
1 189
1 173
1 144
1 85
1 108
1 151
1 33
1 150
1 21
1 25
1 26
1 193
1 184
1 163
1 116
1 20
1 168
1 148
1 145
1 75
1 41
1 165
1 13
1 72
1 15
1 22
1 129
1 95
1 131
1 101
1 56
1 60
1 3
1 102
1 139
1 69 U
1 174 U
1 37 D
1 169 L
1 133 L
1 93 U
1 83 U
1 29 U
1 200 L
1 110 R
1 28 U
1 160 R
1 111 D
1 94 L
1 112 U
1 199 R
1 127 U
1 76 U
1 82 D
1 159 U
1 40 R
1 58 R
1 126 D
1 32 R
1 181 D
1 136 D
1 104 L
1 154 R
1 172 D
1 12 R
1 74 L
1 197 D
1 34 R
1 35 L
1 81 D
1 49 D
1 146 D
1 196 D
1 170 U
1 9 L
1 14 L
1 71 U
1 143 D
1 90 L
1 191 R
1 122 U
1 119 D
1 57 U
1 91 D
1 175 D
1 42 D
1 153 U
1 48 U
1 142 R
1 27 D
1 46 R
1 24 R
1 171 D
1 77 U
1 31 U
1 97 D
1 4 D
1 178 L
1 167 U
1 19 L
1 6 D
1 30 D
1 10 L
1 92 U
1 80 U
1 177 U
1 156 U
1 123 L
1 176 R
1 166 R
1 117 U
1 78 D
1 132 D
1 45 D
1 70 U
1 188 L
1 66 U
1 135 D
1 88 R
1 65 D
1 161 D
1 38 D
1 59 D
1 23 D
1 44 R
1 113 L
1 2 R
1 61 L
1 121 D
1 99 L
1 8 U
1 50 D
1 152 U
1 192 D
1 73 L
