100 100
910 1
935 1
970 1
942 1
866 1
860 1
842 1
959 1
871 1
952 1
858 1
883 1
907 1
956 1
820 1
859 1
911 1
982 1
832 1
893 1
843 1
864 1
990 1
886 1
862 1
850 1
819 1
979 1
853 1
841 1
987 1
868 1
909 1
807 1
846 1
887 1
972 1
986 1
880 1
923 1
989 1
898 1
916 1
818 1
957 1
847 1
813 1
1000 1
845 1
991 1
950 1
965 1
812 1
940 1
861 1
865 1
903 1
869 1
919 1
901 1
928 1
802 1
900 1
830 1
934 1
896 1
835 1
969 1
844 1
897 1
927 1
929 1
817 1
955 1
985 1
879 1
958 1
806 1
913 1
973 1
908 1
826 1
977 1
851 1
872 1
905 1
912 1
954 1
962 1
949 1
983 1
936 1
891 1
904 1
967 1
953 1
980 1
918 1
881 1
863 1
997 1 U
874 1 U
925 1 R
974 1 R
805 1 L
814 1 L
829 1 L
803 1 R
882 1 L
852 1 U
937 1 L
988 1 U
914 1 U
922 1 U
889 1 U
895 1 U
926 1 R
924 1 U
823 1 U
915 1 D
839 1 R
884 1 L
849 1 L
964 1 R
933 1 D
932 1 R
892 1 R
951 1 D
931 1 L
902 1 R
867 1 U
968 1 D
870 1 R
976 1 U
939 1 U
828 1 D
941 1 R
857 1 L
821 1 D
856 1 L
906 1 U
998 1 L
961 1 R
810 1 U
945 1 L
920 1 U
876 1 D
854 1 R
833 1 D
960 1 R
971 1 D
848 1 U
816 1 D
837 1 D
938 1 U
981 1 R
992 1 D
815 1 U
873 1 U
978 1 R
831 1 D
836 1 L
899 1 D
888 1 D
827 1 R
804 1 D
822 1 D
838 1 U
984 1 R
825 1 U
963 1 U
834 1 L
808 1 R
946 1 D
995 1 U
994 1 L
999 1 U
966 1 D
947 1 D
855 1 D
993 1 R
824 1 U
894 1 R
921 1 D
943 1 U
917 1 L
875 1 R
944 1 U
801 1 L
996 1 L
890 1 L
948 1 L
930 1 D
878 1 R
885 1 L
975 1 R
809 1 R
840 1 L
877 1 L
811 1 R
