100 100
266 46
985 912
646 219
25 756
89 175
495 748
694 673
340 705
727 940
74 618
307 339
708 89
505 75
192 846
40 389
597 965
462 780
13 578
682 44
688 963
249 973
148 684
768 847
155 176
318 497
685 695
704 17
926 930
530 349
854 479
60 436
448 859
255 470
371 690
919 242
10 948
613 759
35 895
370 782
351 260
596 562
18 49
212 221
682 699
517 110
47 131
122 100
546 87
783 628
782 398
68 820
486 596
770 899
47 841
544 448
75 665
101 529
752 670
137 361
922 111
641 336
207 974
939 298
134 742
382 679
191 913
261 448
264 749
452 547
421 825
97 115
613 363
538 963
20 506
591 919
704 584
553 177
695 919
493 35
644 6
409 479
182 605
604 411
222 162
297 82
304 563
128 684
305 356
876 978
86 536
282 199
777 436
846 18
360 907
311 988
389 777
282 8
339 356
118 181
108 442
419 158 R
309 982 D
375 912 R
229 76 L
219 484 U
691 518 R
728 194 R
227 594 R
401 883 U
137 183 D
605 155 R
904 764 U
139 51 U
474 438 U
711 44 D
536 813 L
327 785 U
380 692 R
509 775 L
773 986 D
921 433 L
370 73 L
581 842 D
877 539 D
201 111 D
279 457 U
779 115 U
422 245 R
375 598 R
648 504 L
269 500 R
341 986 L
797 697 U
956 7 R
590 39 R
928 642 R
149 469 U
385 778 L
475 542 U
411 207 U
409 482 U
532 876 R
654 666 U
356 819 L
709 886 L
580 583 D
258 878 L
84 637 R
810 721 D
867 844 D
119 254 R
416 472 U
76 668 L
933 616 L
989 169 D
689 743 U
160 148 D
465 128 R
817 549 L
803 810 R
729 36 D
667 787 U
292 670 D
464 635 D
408 60 U
59 849 D
620 578 L
978 701 D
322 226 U
33 311 L
470 81 D
685 530 L
809 213 U
467 756 D
400 515 U
486 639 D
845 593 R
809 736 U
357 441 L
32 261 U
489 211 U
212 77 U
899 680 U
99 244 D
124 425 D
525 49 R
262 345 R
164 356 D
380 32 D
222 197 L
477 313 U
817 115 D
41 817 L
396 566 R
306 49 R
573 38 D
539 334 R
639 449 D
75 699 D
179 526 U
