100 100
970 76
348 395
830 470
415 37
356 241
506 100
732 484
256 510
527 87
720 319
207 814
697 615
397 244
446 126
848 379
101 559
706 302
592 243
144 181
308 160
173 220
596 773
976 19
23 385
177 646
388 526
184 594
961 47
42 7
14 937
84 815
883 996
293 128
313 631
892 460
970 837
66 6
708 354
427 492
429 195
941 53
994 345
147 986
328 833
285 635
32 136
437 950
735 280
561 998
319 44
673 331
95 397
805 301
875 900
359 827
417 627
96 33
131 491
335 780
741 67
573 381
714 643
160 97
412 554
709 390
714 831
184 69
442 521
190 755
309 474
509 133
62 840
694 47
416 704
330 447
327 967
84 18
11 493
527 186
235 563
288 183
212 475
53 748
54 280
872 704
878 206
775 822
102 671
486 695
408 611
939 313
664 917
598 184
360 217
427 556
997 758
38 684
31 634
46 727
457 960
387 351 R
308 787 D
353 8 U
449 713 L
867 338 U
832 469 L
368 756 D
695 138 R
510 684 R
330 493 D
233 555 U
540 665 U
426 569 L
865 848 D
302 723 U
259 904 U
262 974 U
151 78 D
339 923 D
916 871 D
477 396 U
498 991 L
422 472 L
735 865 U
974 215 R
272 275 L
123 538 D
32 198 D
28 398 D
679 37 U
975 433 L
209 866 D
462 160 U
247 995 L
483 327 R
81 219 R
397 875 D
50 409 L
274 919 D
891 279 R
920 497 D
455 524 D
198 973 L
805 630 D
11 29 L
217 739 R
288 822 D
341 768 L
448 190 R
643 628 D
23 806 D
304 153 L
216 809 R
175 218 D
575 700 L
348 911 D
253 467 R
742 419 L
159 335 R
72 365 R
348 571 R
461 517 D
561 264 L
278 312 D
540 731 D
399 167 D
221 105 R
851 255 D
235 848 L
329 595 U
127 347 D
24 314 D
30 188 R
482 467 U
784 23 U
862 644 U
462 280 L
149 452 R
401 11 D
193 797 R
839 469 L
313 103 R
861 980 D
27 897 L
641 446 L
285 302 R
19 242 R
238 264 D
190 593 R
7 566 U
713 361 D
479 734 U
254 59 D
252 864 U
127 733 R
365 496 R
768 638 R
194 481 L
804 578 R
52 670 L
